character = new creature([10, 3], [-1, 0]);
grains = [[2, 3], [4, 3], [6, 3], [8, 3]];
var level17 = new level(grains, 11, 6, character, 1);
level17.walls = [[0, 0], [1, 0], [2, 0], [3, 0], [4, 0], [5, 0], [6, 0], [7, 0], [8, 0], [9, 0], [10, 0], [0, 1], [2, 1], [4, 1], [6, 1], [8, 1], [10, 1], [0, 2], [2, 2], [4, 2], [6, 2], [8, 2], [10, 2], [0, 3], [0, 4], [2, 4], [4, 4], [6, 4], [8, 4], [10, 4], [0, 5], [2, 5], [4, 5], [6, 5], [8, 5], [10, 5]];
bug0 = new creature([3, 1], [0, 1]);
bug1 = new creature([7, 1], [0, 1]);
bug2 = new creature([1, 5], [0, -1]);
bug3 = new creature([5, 5], [0, -1]);
bug4 = new creature([9, 5], [0, -1]);
level17.bugs = [bug0, bug1, bug2, bug3, bug4]
